177, 136, 44, 181, 141, 59, 187, 148, 80, 194, 161, 105, 199, 171, 124, 209, 213, 194, 218, 218, 200, 223, 223, 207, 227, 228, 218, 231, 235, 229, 189, 158, 113, 99, 123, 165, 203, 235, 254, 222, 226, 244, 230, 231, 227, 115, 91, 85, 196, 170, 156, 159, 151, 134, 53, 36, 17, 96, 82, 0, 44, 19, 0, 109, 97, 103, 66, 39, 19, 81, 58, 42, 67, 45, 17, 0
6, 39, 102, 10, 64, 149, 23, 86, 166, 16, 59, 110, 5, 56, 148, 10, 64, 149, 37, 116, 203, 142, 217, 249, 180, 233, 253, 52, 134, 223, 86, 185, 243, 121, 207, 253, 245, 253, 253, 228, 247, 255, 20, 59, 103, 9, 51, 118, 10, 18, 25, 29, 86, 172, 5, 39, 92, 18, 95, 212, 130, 179, 195, 95, 148, 181, 38, 84, 118, 42, 80, 110, 2, 1, 21, 0
178, 122, 97, 130, 96, 126, 105, 101, 166, 112, 105, 166, 139, 122, 156, 195, 138, 82, 127, 92, 112, 108, 76, 93, 149, 186, 244, 163, 117, 83, 133, 130, 176, 114, 136, 208, 216, 198, 187, 67, 57, 69, 226, 202, 184, 22, 23, 37, 34, 41, 56, 92, 82, 95, 47, 35, 31, 23, 34, 78, 29, 37, 84, 15, 65, 111, 17, 39, 81, 8, 47, 99, 27, 74, 155, 0
229, 183, 149, 237, 186, 146, 248, 215, 182, 247, 216, 185, 245, 210, 177, 200, 145, 102, 233, 204, 167, 248, 242, 223, 244, 232, 222, 239, 225, 207, 139, 106, 103, 112, 62, 56, 90, 58, 47, 114, 126, 114, 87, 62, 60, 25, 32, 27, 93, 81, 75, 131, 118, 116, 65, 60, 62, 23, 7, 0, 53, 38, 42, 88, 87, 97, 71, 67, 73, 83, 72, 75, 0, 14, 7, 0
37, 26, 35, 221, 211, 211, 205, 194, 191, 194, 181, 177, 184, 168, 158, 32, 31, 33, 40, 36, 46, 170, 195, 209, 125, 140, 156, 113, 99, 106, 3, 2, 12, 98, 129, 136, 57, 59, 75, 8, 9, 19, 24, 23, 33, 5, 8, 13, 60, 60, 72, 32, 35, 53, 36, 43, 56, 60, 67, 107, 3, 3, 3, 35, 58, 123, 43, 47, 63, 90, 75, 91, 19, 14, 15, 0
211, 202, 198, 222, 210, 200, 224, 199, 179, 225, 201, 183, 227, 204, 188, 216, 208, 201, 226, 210, 194, 234, 229, 228, 231, 222, 218, 230, 224, 219, 212, 208, 203, 227, 229, 230, 222, 218, 213, 224, 220, 219, 227, 217, 207, 204, 198, 193, 219, 227, 217, 231, 240, 243, 217, 218, 216, 219, 215, 214, 128, 163, 176, 186, 188, 199, 226, 239, 241, 143, 127, 114, 160, 167, 164, 0
251, 224, 198, 252, 224, 200, 252, 229, 207, 253, 236, 210, 247, 226, 204, 253, 237, 214, 248, 234, 212, 255, 240, 221, 255, 241, 222, 251, 234, 215, 252, 243, 229, 249, 240, 227, 250, 244, 233, 254, 245, 235, 249, 238, 230, 241, 238, 230, 229, 226, 221, 241, 238, 230, 243, 239, 234, 240, 234, 227, 27, 6, 5, 46, 15, 6, 85, 76, 72, 24, 8, 19, 26, 10, 3, 0
174, 191, 157, 184, 208, 190, 204, 227, 219, 238, 250, 255, 255, 255, 255, 179, 216, 214, 211, 237, 243, 236, 251, 254, 249, 254, 255, 235, 253, 254, 158, 209, 225, 134, 170, 200, 104, 103, 99, 188, 227, 241, 140, 172, 191, 60, 90, 119, 48, 39, 2, 80, 66, 0, 123, 149, 166, 71, 63, 46, 52, 50, 42, 34, 32, 1, 141, 157, 123, 32, 18, 0, 24, 16, 0, 0
140, 95, 27, 142, 140, 122, 138, 159, 174, 159, 195, 225, 225, 230, 221, 151, 139, 135, 157, 177, 195, 158, 195, 229, 175, 210, 244, 187, 223, 253, 125, 105, 88, 58, 52, 39, 120, 133, 135, 91, 88, 80, 96, 134, 166, 47, 51, 46, 105, 99, 88, 12, 37, 77, 116, 105, 75, 132, 134, 134, 24, 18, 7, 82, 76, 69, 59, 58, 54, 46, 33, 11, 51, 46, 45, 0
201, 155, 148, 203, 136, 111, 200, 133, 110, 198, 141, 120, 181, 123, 104, 106, 59, 37, 221, 190, 175, 227, 182, 155, 215, 184, 161, 32, 16, 17, 106, 82, 62, 120, 101, 74, 132, 128, 117, 241, 212, 198, 93, 87, 92, 207, 199, 182, 181, 184, 162, 108, 99, 86, 110, 86, 68, 11, 0, 0, 104, 104, 86, 137, 126, 94, 172, 176, 164, 82, 58, 30, 16, 10, 3, 0
166, 135, 114, 183, 162, 160, 222, 204, 203, 209, 188, 191, 192, 175, 179, 127, 115, 121, 174, 164, 170, 133, 124, 134, 151, 155, 156, 155, 147, 148, 154, 160, 167, 213, 208, 207, 158, 157, 167, 151, 154, 162, 89, 85, 96, 171, 176, 185, 43, 38, 39, 110, 129, 150, 127, 135, 142, 176, 172, 171, 159, 166, 185, 220, 212, 222, 101, 107, 120, 168, 184, 196, 106, 108, 108, 0
213, 221, 214, 228, 234, 233, 230, 238, 238, 224, 232, 232, 213, 219, 218, 220, 235, 231, 213, 240, 244, 232, 244, 248, 228, 241, 249, 52, 41, 43, 193, 241, 247, 179, 239, 251, 163, 219, 248, 176, 226, 248, 0, 1, 8, 103, 103, 121, 117, 119, 143, 102, 104, 122, 11, 10, 12, 19, 19, 19, 41, 43, 51, 128, 119, 116, 45, 51, 64, 9, 13, 18, 0, 0, 1, 0
232, 208, 154, 235, 207, 153, 233, 209, 157, 234, 205, 160, 234, 210, 168, 235, 216, 171, 233, 214, 169, 233, 215, 178, 231, 215, 179, 230, 215, 182, 216, 217, 191, 215, 216, 196, 97, 81, 74, 214, 217, 202, 218, 218, 204, 230, 222, 209, 161, 156, 155, 86, 65, 50, 76, 80, 75, 190, 195, 198, 169, 167, 156, 136, 125, 117, 94, 100, 99, 94, 77, 64, 193, 204, 212, 0
173, 85, 31, 196, 111, 49, 220, 140, 79, 217, 129, 69, 213, 124, 63, 173, 102, 45, 145, 69, 17, 157, 81, 29, 111, 71, 46, 211, 190, 169, 18, 13, 15, 72, 45, 35, 145, 84, 40, 135, 112, 110, 128, 102, 90, 139, 71, 36, 104, 53, 13, 143, 81, 0, 97, 75, 27, 103, 60, 33, 85, 38, 24, 121, 69, 52, 130, 74, 55, 125, 79, 62, 130, 80, 68, 0
130, 94, 34, 166, 122, 59, 160, 122, 68, 163, 124, 69, 48, 37, 23, 44, 28, 29, 191, 157, 104, 221, 190, 137, 232, 202, 145, 102, 83, 68, 35, 50, 46, 50, 26, 4, 71, 68, 53, 196, 164, 98, 86, 66, 41, 0, 17, 40, 140, 131, 94, 93, 98, 99, 68, 69, 67, 77, 68, 58, 119, 108, 76, 37, 35, 35, 186, 153, 73, 58, 62, 63, 51, 37, 39, 0
30, 12, 1, 33, 11, 0, 39, 14, 0, 33, 11, 0, 27, 9, 2, 46, 28, 11, 43, 20, 4, 47, 15, 2, 35, 17, 6, 80, 91, 121, 49, 51, 31, 52, 36, 19, 62, 54, 61, 152, 146, 205, 183, 183, 153, 22, 22, 0, 57, 40, 19, 28, 30, 1, 212, 255, 255, 224, 235, 255, 193, 190, 135, 64, 58, 35, 76, 69, 50, 100, 82, 81, 73, 82, 91, 0
237, 202, 176, 251, 212, 173, 253, 217, 179, 252, 222, 193, 253, 231, 203, 195, 166, 129, 237, 233, 209, 236, 242, 231, 236, 236, 222, 178, 161, 134, 131, 74, 43, 133, 67, 16, 84, 39, 12, 111, 60, 27, 121, 100, 73, 82, 94, 94, 159, 131, 97, 131, 115, 98, 104, 73, 58, 100, 64, 46, 2, 14, 18, 83, 48, 14, 102, 69, 53, 174, 143, 128, 55, 41, 29, 0
179, 153, 139, 187, 171, 159, 194, 177, 164, 199, 190, 177, 174, 142, 113, 187, 169, 158, 205, 196, 187, 192, 170, 145, 198, 188, 178, 197, 188, 178, 180, 159, 137, 198, 190, 177, 194, 179, 160, 197, 181, 164, 199, 186, 170, 187, 177, 167, 180, 166, 137, 178, 161, 152, 180, 169, 161, 208, 212, 213, 86, 70, 64, 76, 60, 43, 103, 90, 122, 110, 95, 103, 76, 67, 58, 0
113, 63, 45, 109, 60, 38, 105, 54, 28, 96, 49, 22, 86, 39, 12, 113, 62, 36, 107, 57, 29, 91, 49, 20, 29, 10, 5, 85, 38, 6, 111, 54, 23, 114, 58, 23, 60, 23, 0, 48, 24, 2, 100, 77, 62, 34, 33, 37, 113, 78, 75, 44, 36, 29, 127, 102, 76, 91, 72, 65, 155, 208, 245, 51, 4, 0, 46, 25, 28, 62, 30, 11, 44, 42, 42, 0
217, 146, 83, 211, 133, 74, 207, 133, 77, 213, 146, 91, 203, 122, 71, 226, 185, 122, 221, 174, 106, 221, 169, 102, 221, 168, 101, 215, 160, 99, 230, 213, 174, 230, 210, 163, 197, 145, 108, 225, 203, 155, 225, 202, 152, 229, 227, 209, 224, 230, 205, 149, 138, 140, 47, 51, 79, 188, 185, 147, 120, 91, 70, 97, 78, 65, 122, 92, 73, 104, 77, 63, 75, 62, 54, 0
152, 87, 96, 160, 93, 98, 163, 96, 99, 157, 89, 90, 149, 74, 72, 166, 117, 125, 179, 128, 136, 184, 133, 140, 167, 109, 114, 160, 100, 100, 183, 186, 217, 195, 209, 232, 68, 32, 22, 166, 165, 185, 167, 155, 167, 95, 76, 95, 18, 0, 0, 8, 0, 1, 66, 136, 206, 67, 59, 66, 97, 95, 117, 121, 131, 148, 29, 15, 9, 53, 59, 70, 113, 89, 83, 0
135, 51, 53, 135, 49, 55, 129, 46, 44, 137, 50, 48, 112, 40, 40, 161, 77, 105, 160, 81, 114, 163, 79, 103, 155, 75, 106, 133, 63, 94, 215, 138, 222, 152, 93, 177, 62, 98, 98, 203, 126, 193, 169, 97, 149, 27, 20, 25, 127, 214, 248, 24, 65, 88, 0, 9, 13, 7, 4, 13, 21, 19, 25, 9, 12, 27, 59, 56, 52, 5, 5, 17, 22, 30, 30, 0
223, 235, 245, 219, 232, 240, 217, 228, 236, 220, 227, 236, 214, 217, 221, 220, 236, 249, 221, 237, 250, 222, 237, 253, 222, 237, 253, 219, 234, 250, 112, 96, 114, 118, 112, 123, 117, 108, 105, 73, 55, 56, 144, 127, 136, 75, 62, 64, 162, 194, 235, 73, 56, 53, 108, 90, 113, 94, 84, 90, 98, 88, 88, 52, 46, 47, 71, 60, 76, 123, 110, 118, 57, 48, 45, 0
218, 218, 218, 234, 234, 234, 226, 226, 226, 223, 223, 223, 198, 198, 198, 223, 223, 223, 232, 232, 232, 219, 219, 219, 219, 219, 219, 198, 198, 198, 230, 230, 230, 234, 234, 234, 218, 218, 218, 211, 211, 211, 121, 121, 121, 87, 87, 87, 56, 56, 56, 82, 82, 82, 108, 108, 108, 130, 130, 130, 215, 215, 215, 47, 47, 47, 54, 54, 54, 11, 11, 11, 11, 11, 11, 0
155, 119, 73, 166, 136, 81, 172, 155, 106, 178, 167, 123, 181, 174, 147, 178, 165, 127, 192, 187, 154, 189, 197, 180, 217, 237, 238, 157, 162, 147, 142, 166, 188, 183, 242, 252, 185, 254, 255, 205, 255, 255, 206, 238, 255, 2, 1, 3, 4, 2, 0, 171, 176, 161, 12, 14, 2, 3, 13, 0, 0, 0, 0, 83, 87, 81, 3, 4, 0, 0, 1, 0, 84, 55, 24, 0
251, 222, 213, 207, 176, 155, 211, 196, 164, 228, 224, 230, 211, 173, 139, 183, 202, 187, 182, 190, 167, 164, 160, 135, 164, 161, 146, 167, 151, 135, 146, 133, 117, 137, 164, 144, 110, 97, 81, 121, 163, 140, 113, 157, 128, 127, 132, 117, 140, 151, 141, 100, 81, 78, 111, 163, 133, 69, 57, 47, 93, 164, 137, 97, 165, 142, 29, 37, 30, 48, 126, 115, 67, 71, 65, 1
220, 179, 134, 153, 93, 0, 218, 181, 129, 227, 206, 168, 169, 114, 45, 195, 129, 51, 218, 178, 120, 190, 120, 19, 224, 184, 135, 231, 222, 208, 198, 125, 33, 224, 184, 132, 214, 159, 84, 226, 197, 153, 232, 206, 170, 144, 108, 54, 14, 15, 6, 66, 123, 252, 120, 106, 58, 214, 191, 165, 6, 240, 234, 0, 134, 88, 26, 117, 92, 5, 155, 126, 55, 155, 119, 1
255, 252, 254, 255, 252, 254, 252, 251, 253, 255, 252, 254, 255, 252, 254, 143, 152, 142, 111, 132, 129, 108, 120, 108, 87, 100, 98, 102, 129, 119, 226, 234, 241, 44, 67, 62, 79, 87, 80, 45, 42, 58, 58, 75, 108, 60, 121, 107, 62, 106, 113, 53, 116, 120, 74, 97, 135, 24, 30, 53, 84, 156, 174, 67, 111, 174, 122, 158, 144, 4, 188, 152, 5, 167, 125, 1
217, 143, 61, 219, 149, 66, 222, 151, 64, 224, 155, 68, 224, 157, 72, 67, 71, 46, 232, 169, 79, 234, 172, 82, 238, 180, 98, 255, 255, 248, 60, 82, 58, 62, 78, 55, 255, 218, 176, 250, 206, 129, 255, 232, 201, 74, 128, 111, 117, 140, 166, 105, 128, 144, 125, 150, 170, 104, 133, 138, 65, 121, 108, 58, 125, 104, 35, 117, 95, 15, 20, 19, 75, 125, 107, 1
101, 75, 59, 128, 101, 81, 193, 162, 141, 197, 170, 149, 139, 98, 76, 67, 128, 108, 79, 141, 119, 94, 115, 100, 93, 98, 83, 70, 74, 63, 56, 58, 52, 72, 138, 133, 66, 85, 76, 65, 64, 54, 73, 64, 60, 78, 127, 153, 65, 142, 139, 64, 106, 95, 70, 121, 107, 40, 31, 18, 62, 118, 113, 48, 92, 85, 42, 88, 76, 49, 93, 86, 32, 53, 50, 1
244, 198, 210, 249, 228, 253, 190, 132, 137, 216, 161, 170, 248, 209, 211, 48, 42, 47, 25, 20, 21, 17, 12, 13, 22, 22, 22, 20, 20, 20, 76, 185, 223, 25, 79, 79, 27, 34, 29, 16, 13, 9, 0, 1, 11, 46, 184, 231, 17, 119, 154, 30, 162, 199, 14, 129, 172, 16, 118, 147, 56, 107, 103, 14, 82, 71, 16, 84, 73, 11, 78, 71, 16, 83, 84, 1
50, 28, 23, 51, 41, 31, 72, 111, 119, 71, 53, 54, 68, 83, 99, 58, 54, 53, 38, 32, 37, 137, 128, 141, 84, 94, 104, 76, 96, 107, 34, 86, 79, 53, 118, 93, 73, 134, 220, 97, 139, 146, 34, 41, 44, 30, 30, 42, 67, 124, 116, 70, 159, 126, 61, 145, 120, 47, 135, 99, 42, 112, 75, 20, 91, 65, 24, 103, 76, 25, 68, 55, 36, 120, 91, 1
202, 120, 1, 215, 126, 15, 205, 113, 0, 211, 127, 1, 221, 161, 55, 228, 188, 135, 234, 187, 131, 233, 175, 93, 229, 163, 60, 233, 189, 125, 252, 200, 99, 252, 206, 111, 241, 242, 246, 251, 207, 106, 253, 206, 108, 244, 215, 158, 35, 123, 83, 173, 177, 188, 67, 106, 81, 25, 119, 78, 1, 143, 108, 0, 133, 132, 148, 208, 238, 138, 208, 207, 1, 111, 83, 1
177, 142, 108, 172, 144, 109, 174, 145, 114, 174, 146, 111, 177, 142, 108, 184, 155, 124, 185, 156, 129, 121, 94, 38, 58, 34, 12, 78, 53, 13, 75, 111, 94, 108, 128, 123, 19, 8, 24, 81, 105, 105, 117, 89, 82, 27, 52, 68, 50, 66, 83, 30, 48, 71, 13, 46, 72, 231, 247, 246, 48, 80, 99, 71, 112, 121, 64, 105, 114, 106, 145, 160, 96, 130, 160, 1
242, 232, 225, 246, 237, 224, 249, 240, 231, 248, 239, 230, 162, 110, 80, 90, 134, 95, 112, 135, 131, 156, 195, 240, 119, 89, 64, 120, 69, 43, 56, 56, 38, 90, 99, 89, 85, 104, 87, 75, 104, 109, 51, 44, 27, 67, 120, 153, 60, 121, 101, 90, 135, 146, 8, 19, 17, 53, 51, 43, 43, 94, 80, 67, 158, 143, 37, 115, 104, 35, 46, 54, 16, 18, 12, 1
89, 95, 102, 107, 110, 118, 124, 149, 183, 148, 190, 235, 112, 100, 90, 79, 78, 57, 90, 92, 73, 91, 105, 103, 91, 115, 127, 66, 59, 32, 58, 69, 59, 68, 75, 60, 84, 96, 90, 44, 55, 53, 47, 64, 43, 29, 53, 59, 11, 22, 2, 11, 34, 19, 42, 132, 127, 44, 121, 113, 15, 96, 63, 34, 39, 40, 37, 54, 40, 0, 194, 198, 83, 154, 211, 1
241, 229, 219, 234, 218, 202, 249, 229, 211, 236, 207, 176, 203, 169, 133, 36, 59, 45, 74, 74, 56, 78, 89, 69, 92, 102, 86, 83, 92, 79, 11, 41, 46, 103, 119, 135, 19, 68, 70, 14, 139, 154, 7, 108, 106, 22, 91, 70, 11, 109, 87, 4, 113, 105, 21, 92, 102, 155, 207, 255, 13, 24, 0, 39, 98, 113, 1, 15, 74, 0, 47, 148, 0, 116, 103, 1
230, 227, 219, 214, 214, 202, 228, 166, 52, 248, 198, 146, 226, 168, 49, 237, 235, 234, 169, 137, 72, 230, 229, 209, 230, 187, 130, 214, 178, 90, 232, 224, 211, 220, 218, 210, 234, 226, 213, 247, 246, 225, 212, 198, 169, 87, 198, 230, 68, 194, 223, 85, 195, 201, 36, 142, 153, 40, 139, 137, 20, 101, 76, 6, 74, 63, 42, 146, 169, 50, 182, 206, 0, 148, 155, 1
168, 134, 141, 159, 107, 107, 109, 5, 0, 199, 174, 188, 173, 126, 122, 103, 3, 0, 120, 18, 0, 170, 80, 63, 146, 47, 19, 145, 117, 123, 132, 17, 2, 156, 44, 8, 255, 247, 241, 243, 228, 226, 154, 123, 126, 215, 220, 229, 182, 175, 182, 142, 107, 104, 150, 128, 130, 111, 82, 73, 8, 102, 98, 1, 110, 132, 0, 114, 135, 7, 140, 144, 7, 124, 115, 1
117, 58, 2, 106, 51, 0, 102, 49, 0, 94, 42, 1, 83, 35, 1, 181, 109, 2, 179, 106, 2, 172, 106, 1, 157, 97, 0, 142, 77, 2, 106, 123, 136, 227, 189, 147, 219, 184, 140, 255, 236, 215, 203, 167, 137, 141, 164, 196, 64, 162, 202, 144, 203, 249, 73, 132, 158, 69, 146, 178, 109, 204, 253, 63, 103, 115, 80, 153, 181, 32, 57, 77, 74, 147, 167, 1
195, 185, 178, 199, 189, 182, 202, 192, 185, 207, 191, 185, 208, 195, 187, 72, 73, 63, 65, 83, 70, 88, 85, 80, 60, 61, 57, 72, 120, 132, 33, 66, 62, 98, 115, 134, 207, 220, 234, 51, 65, 54, 59, 113, 100, 59, 101, 100, 54, 114, 104, 28, 64, 52, 3, 32, 23, 32, 94, 102, 42, 119, 112, 47, 120, 110, 50, 118, 107, 44, 113, 102, 43, 106, 96, 1
23, 40, 29, 34, 42, 32, 68, 75, 62, 203, 170, 161, 25, 39, 28, 23, 31, 21, 17, 35, 22, 39, 58, 43, 118, 182, 160, 137, 136, 126, 18, 30, 24, 112, 118, 107, 115, 157, 139, 147, 150, 128, 7, 79, 59, 15, 19, 14, 130, 205, 183, 81, 143, 119, 94, 95, 86, 27, 58, 49, 29, 42, 20, 91, 247, 213, 94, 245, 219, 119, 245, 223, 28, 77, 61, 1
216, 169, 101, 207, 162, 95, 207, 159, 93, 206, 156, 84, 199, 149, 67, 215, 183, 154, 120, 95, 115, 217, 189, 165, 218, 188, 163, 212, 180, 151, 37, 121, 147, 34, 157, 193, 29, 177, 207, 84, 135, 191, 4, 152, 112, 26, 202, 179, 83, 129, 170, 28, 89, 129, 136, 193, 255, 35, 198, 255, 132, 171, 249, 170, 182, 218, 19, 107, 13, 0, 54, 31, 39, 86, 54, 1
129, 87, 68, 169, 145, 133, 200, 180, 175, 208, 190, 189, 164, 135, 128, 136, 122, 104, 176, 160, 147, 212, 189, 187, 210, 195, 192, 168, 156, 156, 46, 53, 72, 77, 96, 103, 71, 94, 116, 0, 79, 54, 38, 97, 83, 67, 138, 152, 17, 200, 179, 37, 190, 187, 92, 172, 167, 47, 144, 142, 0, 0, 14, 0, 41, 31, 27, 118, 163, 26, 93, 102, 29, 146, 153, 1
253, 238, 146, 254, 243, 159, 255, 245, 165, 255, 247, 170, 255, 241, 179, 103, 72, 87, 253, 178, 99, 255, 231, 184, 255, 184, 102, 220, 143, 94, 86, 125, 139, 87, 102, 104, 84, 141, 156, 54, 129, 127, 22, 87, 88, 61, 110, 118, 22, 13, 9, 35, 76, 91, 12, 13, 11, 32, 67, 130, 22, 99, 92, 22, 97, 89, 17, 91, 97, 105, 158, 195, 21, 106, 108, 1
252, 243, 230, 236, 190, 102, 245, 193, 86, 233, 158, 12, 253, 250, 242, 248, 220, 173, 242, 204, 140, 249, 207, 106, 248, 187, 43, 243, 203, 128, 253, 233, 175, 251, 248, 233, 248, 242, 219, 155, 165, 199, 153, 154, 205, 25, 46, 78, 29, 89, 135, 85, 89, 154, 32, 29, 192, 28, 23, 174, 24, 169, 137, 37, 170, 154, 30, 187, 166, 8, 56, 50, 3, 25, 13, 1
167, 166, 146, 171, 180, 153, 160, 149, 122, 153, 210, 165, 144, 197, 158, 145, 136, 156, 127, 188, 154, 130, 180, 150, 124, 153, 138, 100, 93, 98, 119, 103, 126, 105, 146, 119, 112, 125, 127, 80, 100, 95, 72, 86, 74, 76, 85, 88, 138, 121, 142, 110, 121, 135, 99, 161, 137, 73, 57, 91, 93, 193, 163, 86, 168, 150, 49, 82, 78, 42, 34, 45, 28, 54, 38, 1
218, 175, 94, 223, 183, 101, 224, 187, 107, 225, 187, 109, 224, 184, 102, 174, 139, 75, 158, 108, 18, 157, 146, 114, 217, 196, 151, 157, 116, 17, 72, 111, 86, 72, 91, 58, 83, 99, 68, 113, 136, 114, 89, 118, 92, 60, 100, 72, 23, 80, 59, 129, 185, 196, 151, 199, 187, 145, 214, 241, 61, 132, 66, 67, 106, 85, 65, 101, 89, 91, 122, 107, 70, 87, 66, 1
90, 46, 17, 118, 57, 25, 148, 78, 41, 169, 104, 66, 174, 140, 127, 154, 82, 42, 194, 112, 64, 186, 110, 62, 161, 106, 67, 205, 174, 159, 168, 114, 83, 177, 128, 90, 172, 134, 99, 178, 150, 120, 197, 179, 162, 23, 103, 156, 39, 114, 153, 25, 107, 112, 14, 77, 97, 1, 75, 99, 45, 150, 135, 26, 131, 118, 21, 134, 120, 26, 43, 30, 37, 50, 34, 1
